400 0
400 0
400 0
400 0
400 0
400 0
400 0
400 0
400 0
400 0
400 0
400 0
400 0
400 0
400 0
400 0
400 0
400 0
400 0
400 0
400 0
400 0
400 0
400 0
400 0
400 0
400 0
400 0
400 0
400 0
400 0
400 0
400 0
400 0
400 0
400 0
400 0
400 0
400 0
400 0
400 0
400 0
400 0
400 0
400 0
400 0
400 0
400 0
400 0
400 0
400 0
400 0
400 0
400 0
400 0
400 0
400 0
400 0
400 0
400 0
400 0
400 0
400 0
400 0
400 0
400 0
400 0
400 0
400 0
400 0
400 0
400 0
400 0
400 0
400 0
400 0
400 0
400 0
400 0
400 0
400 0
400 0
400 0
400 0
400 0
400 0
400 0
400 0
400 0
400 0
400 0
400 0
400 0
400 0
400 0
400 0
400 0
400 0
400 0
400 0
400 0
400 0
400 0
400 0
400 0
400 0
400 0
400 0
400 0
400 0
400 0
400 0
400 0
400 0
400 0
400 0
400 0
400 0
400 0
400 0
400 0
400 0
400 0
400 0
400 0
400 0
400 0
400 0
400 0
400 0
400 0
400 0
400 0
400 0
400 0
400 0
400 0
400 0
400 0
400 0
400 0
400 0
400 0
400 0
400 0
400 0
400 0
400 0
400 0
400 0
400 0
400 0
400 0
400 0
400 0
400 0
400 0
400 0
400 0
400 0
400 0
400 0
400 0
400 0
400 0
400 0
400 0
400 0
400 0
400 0
400 0
400 0
400 0
400 0
400 0
400 0
400 0
400 0
400 0
400 0
400 0
400 0
400 0
400 0
400 0
400 0
400 0
400 0
400 0
400 0
400 0
400 0
400 0
400 0
400 0
400 0
400 0
400 0
400 0
400 0
400 0
400 0
400 0
400 0
400 0
400 0
400 0
400 0
400 0
400 0
400 0
400 0
400 0
400 0
400 0
400 0
400 0
400 0
400 0
400 0
400 0
400 0
400 0
400 0
400 0
400 0
400 0
400 0
400 0
400 0
400 0
400 0
400 0
400 0
400 0
400 0
400 0
400 0
400 0
400 0
400 0
400 0
400 0
400 0
400 0
400 0
400 0
400 0
400 0
400 0
400 0
400 0
400 0
400 0
400 0
400 0
400 0
400 0
400 0
400 0
400 0
400 0
400 0
400 0
400 0
400 0
400 0
400 0
400 0
400 0
400 0
400 0
400 0
400 0
400 0
400 0
400 0
400 0
400 0
400 0
400 0
400 0
400 0
400 0
400 0
400 0
400 0
400 0
400 0
400 0
400 0
400 0
400 0
400 0
400 0
400 0
400 0
400 0
400 0
400 0
400 0
400 0
400 0
400 0
400 0
400 0
400 0
400 0
400 0
400 0
400 0
400 0
400 0
400 0
400 0
400 0
400 0
400 0
400 0
400 0
400 0
400 0
400 0
400 0
400 0
400 0
400 0
400 0
400 0
400 0
400 0
400 0
400 0
400 0
400 0
400 0
400 0
400 0
400 0
400 0
400 0
400 0
400 0
400 0
400 0
400 0
400 0
400 0
400 0
400 0
400 0
400 0
400 0
400 0
400 0
400 0
400 0
400 0
400 0
400 0
400 0
400 0
400 0
400 0
400 0
400 0
400 0
400 0
400 0
400 0
400 0
400 0
400 0
400 0
400 0
400 0
400 0
400 0
400 0
400 0
400 0
400 0
400 0
400 0
400 0
400 0
400 0
400 0
400 0
400 0
400 0
400 0
400 0
400 0
400 0
400 0
400 0
400 0
400 0
400 0
400 0
400 0
400 0
400 0
400 0
400 0
400 0
400 0
400 0
400 0
400 0
400 0
400 0
400 0
400 0
400 0
400 0
400 0
400 0
400 0
400 0
400 0
400 0
400 0
400 0
400 0
400 0
400 0
400 0
400 0
400 0
400 0
400 0
400 0
400 0
400 0
400 0
400 0
400 0
400 0
400 0
400 0
400 0
400 0
400 0
400 0
400 0
400 0
400 0
400 0
400 0
400 0
400 0
400 0
400 2
400 7
400 13
400 13
400 1
400 1
400 1
400 1
400 1
400 1
400 1
400 2
400 2
400 2
400 4
400 8
400 15
400 24
400 35
400 47
400 61
400 77
400 93
400 110
400 130
400 151
400 172
400 194
400 217
400 240
400 264
400 288
400 311
400 334
400 355
400 374
400 392
400 408
400 424
400 435
400 443
400 448
400 448
400 445
400 440
400 434
400 427
400 420
400 414
400 409
400 404
400 400
400 395
400 392
400 390
400 390
400 391
400 392
400 394
400 395
400 396
400 397
400 398
400 399
400 399
400 400
400 401
400 401
400 401
400 401
400 401
400 401
400 401
400 401
400 401
400 400
400 400
400 400
400 400
400 400
400 400
400 400
400 400
400 400
400 400
400 400
400 400
400 400
400 400
400 400
400 400
400 400
400 400
400 400
400 400
400 400
400 400
400 400
400 400
400 400
400 400
400 400
400 400
400 400
400 400
400 400
400 400
400 400
400 400
400 400
400 400
400 400
400 400
400 400
400 400
400 400
400 400
400 400
400 400
400 400
400 400
400 400
400 400
400 400
400 400
400 400
400 400
400 400
400 400
400 400
400 400
400 400
400 400
400 400
400 400
400 400
400 400
400 400
400 400
400 400
400 400
400 400
400 400
400 400
400 400
400 400
400 400
400 400
400 400
400 400
400 400
400 400
400 400
400 400
400 400
400 400
400 400
400 400
400 400
400 400
400 400
400 400
400 400
400 400
400 400
400 400
400 400
400 400
400 400
400 400
400 400
400 400
400 400
400 400
400 400
400 400
400 400
400 400
400 400
400 400
400 400
400 400
400 400
400 400
400 400
400 400
400 400
400 400
400 400
400 400
400 400
400 400
400 400
400 400
400 400
400 400
400 400
400 400
400 400
400 400
400 400
400 400
400 400
400 400
400 400
400 400
400 400
400 400
400 400
400 400
400 400
400 400
400 400
400 400
400 400
400 400
400 400
400 400
400 400
400 400
400 400
400 400
400 400
400 400
400 400
400 400
400 400
400 400
400 400
400 400
400 400
400 400
400 400
400 400
400 400
400 400
400 400
400 400
400 400
400 400
400 400
400 400
400 400
400 400
400 400
400 400
400 400
400 400
400 400
400 400
400 400
400 400
400 400
400 400
400 400
400 400
400 400
400 400
400 400
400 400
400 400
400 400
400 400
400 400
400 400
400 400
400 400
400 400
400 400
400 400
400 400
400 400
400 400
400 400
400 400
400 400
400 400
400 400
400 400
400 400
400 400
400 400
400 400
400 400
400 400
400 400
400 400
400 400
400 400
400 400
400 400
400 400
400 400
400 400
400 400
400 400
400 400
400 400
400 400
400 400
400 400
400 400
400 400
400 400
400 400
400 400
400 400
400 400
400 400
400 400
400 400
400 400
400 400
400 400
400 400
400 400
400 400
400 400
400 400
400 400
400 400
400 400
400 400
400 400
400 400
400 400
400 400
400 400
400 400
400 400
400 400
400 400
400 400
400 400
400 400
400 400
400 400
400 0
400 0
400 0
400 0
400 0
400 0
400 0
400 0
400 0
400 0
400 2
400 7
400 13
400 22
400 34
400 46
400 60
400 76
400 92
400 109
400 129
400 150
400 171
400 194
400 216
400 239
400 263
400 287
400 311
400 333
400 354
400 373
400 391
400 407
400 423
400 434
400 442
400 447
400 448
400 446
400 441
400 435
400 428
400 421
400 415
400 409
400 404
400 400
400 395
400 391
400 390
400 389
400 390
400 391
400 392
400 394
400 396
400 397
400 398
400 399
400 400
400 401
400 401
400 401
400 401
400 401
400 401
400 401
400 401
400 401
400 401
400 401
400 401
400 401
400 401
400 401
400 401
400 401
400 401
400 401
400 401
400 401
400 401
400 401
400 401
400 401
400 401
400 401
400 401
400 401
400 401
400 401
400 401
400 401
400 401
400 401
400 401
400 401
400 401
400 401
400 401
400 401
400 401
400 401
400 401
400 401
400 401
400 401
400 401
400 401
400 401
400 401
400 401
400 401
400 401
400 401
400 401
400 401
400 401
400 401
400 401
400 401
400 401
400 401
400 401
400 401
400 401
400 401
400 401
400 401
400 401
400 401
400 401
400 401
400 401
400 401
400 401
400 401
400 401
400 401
400 401
400 401
400 401
400 401
400 401
400 401
400 401
400 401
400 401
400 401
400 401
400 401
400 401
400 401
400 401
400 401
400 401
400 401
400 401
400 401
400 401
400 401
400 401
400 401
400 401
400 401
400 401
400 401
400 401
400 401
400 401
400 401
400 401
400 401
400 401
400 401
400 401
400 401
400 401
400 401
400 401
400 401
400 401
400 401
400 401
400 401
400 401
400 401
400 401
400 401
400 401
400 401
400 401
400 401
400 401
400 401
400 401
400 401
400 401
400 401
400 401
400 401
400 401
400 401
400 401
400 401
400 401
400 401
400 401
400 401
400 401
400 401
400 401
400 401
400 401
400 401
400 401
400 401
400 401
400 401
400 401
400 401
400 401
400 401
400 401
400 401
400 401
400 401
400 401
400 401
400 401
400 401
400 401
400 401
400 401
400 401
400 401
400 401
400 401
400 401
400 401
400 401
400 401
400 401
400 401
400 401
400 401
400 401
400 401
400 401
400 401
400 401
400 401
400 401
400 401
400 401
400 401
400 401
400 401
400 401
400 401
400 401
400 401
400 401
400 401
400 401
400 401
400 401
400 401
400 401
400 401
400 401
400 401
400 401
400 401
400 401
400 401
400 401
400 401
400 401
400 401
400 401
400 401
400 401
400 401
400 401
400 401
400 401
400 401
400 401
400 401
400 401
400 401
400 401
400 401
400 401
400 401
400 401
400 401
400 401
400 401
400 401
400 401
400 401
400 401
400 401
400 401
400 401
400 401
400 401
400 401
400 401
400 401
400 401
400 401
400 401
400 401
400 401
400 401
400 401
400 401
400 401
400 401
400 401
400 401
400 401
400 401
400 401
400 401
400 401
400 401
400 401
400 401
400 401
400 401
400 401
400 401
400 401
400 401
400 401
400 401
400 401
400 401
400 401
400 401
400 401
400 401
400 401
400 401
400 401
400 401
400 401
400 401
400 401
400 401
400 401
400 401
400 401
400 401
400 401
400 401
400 401
400 401
400 401
400 401
400 401
400 401
400 401
400 401
400 401
400 401
400 401
400 401
400 401
400 401
400 401
400 401
400 401
400 401
400 401
400 401
400 401
400 401
400 401
400 401
400 401
400 401
400 401
400 401
400 401
400 401
400 401
400 401
400 401
400 401
400 401
400 401
400 401
400 401
400 401
400 401
400 401
400 401
400 401
400 401
400 401
400 401
400 401
400 401
400 401
400 401
400 401
400 401
400 401
400 401
400 401
400 401
400 401
400 401
400 401
400 401
400 401
400 401
400 401
400 401
400 401
400 401
400 401
400 401
400 401
400 401
400 401
400 401
400 401
400 401
400 401
400 401
400 401
400 401
400 401
400 401
400 401
400 401
400 401
400 401
400 401
400 401
400 401
400 401
400 401
400 401
400 401
400 401
400 401
400 401
400 401
400 401
400 401
400 401
400 401
400 401
400 401
400 401
400 401
400 401
400 401
400 401
400 401
400 401
400 401
400 401
400 401
400 401
400 401
400 401
400 401
400 401
400 401
400 401
400 401
400 401
400 401
400 0
400 0
400 0
400 0
400 0
400 0
400 0
400 0
400 0
400 0
400 1
400 3
400 7
400 13
400 22
400 34
400 46
400 60
400 75
400 91
400 108
400 128
400 149
400 171
400 193
400 215
400 239
400 262
400 286
400 310
400 333
400 354
400 372
400 390
400 406
400 421
400 432
400 440
400 444
400 445
400 442
400 437
400 431
400 425
400 418
400 412
400 407
400 403
400 399
400 395
400 393
400 392
400 392
400 393
400 394
400 395
400 397
400 398
400 399
400 400
400 400
400 401
400 402
400 402
400 402
400 402
400 401
400 401
400 401
400 401
400 401
400 400
400 400
400 400
400 400
400 400
400 400
400 400
400 400
400 400
400 400
400 400
400 400
400 400
400 400
400 400
400 400
400 400
400 400
400 400
400 400
400 400
400 400
400 400
400 400
400 400
400 400
400 400
400 400
400 400
400 400
400 400
400 400
400 400
400 400
400 400
400 400
400 400
400 400
400 400
400 400
400 400
400 400
400 400
400 400
400 400
400 400
400 400
400 400
400 400
400 400
400 400
400 400
400 400
400 400
400 400
400 400
400 400
400 400
400 400
400 400
400 400
400 400
400 400
400 400
400 400
400 400
400 400
400 400
400 400
400 400
400 400
400 400
400 400
400 400
400 400
400 400
400 400
400 400
400 400
400 400
400 400
400 400
400 400
400 400
400 400
400 400
400 400
400 400
400 400
400 400
400 400
400 400
400 400
400 400
400 400
400 400
400 400
400 400
400 400
400 400
400 400
400 400
400 400
400 400
400 400
400 400
400 400
400 400
400 400
400 400
400 400
400 400
400 400
400 400
400 400
400 400
400 400
400 400
400 400
400 400
400 400
400 400
400 400
400 400
400 400
400 400
400 400
400 400
400 400
400 400
400 400
400 400
400 400
400 400
400 400
400 400
400 400
400 400
400 400
400 400
400 400
400 400
400 400
400 400
400 400
400 400
400 400
400 400
400 400
400 400
400 400
400 400
400 400
400 400
400 400
400 400
400 400
400 400
400 400
400 400
400 400
400 400
400 400
400 400
400 400
400 400
400 400
400 400
400 400
400 400
400 400
400 400
400 400
400 400
400 400
400 400
400 400
400 400
400 400
400 400
400 400
400 400
400 400
400 400
400 400
400 400
400 400
400 400
400 400
400 400
400 400
400 400
400 400
400 400
400 400
400 400
400 400
400 400
400 400
400 400
400 400
400 400
400 400
400 400
400 400
400 400
400 400
400 400
400 400
400 400
400 400
400 400
400 400
400 400
400 400
400 400
400 400
400 400
400 400
400 400
400 400
400 400
400 400
400 400
400 400
400 400
400 400
400 400
400 400
400 400
400 400
400 400
400 400
400 400
400 400
400 400
400 400
400 400
400 400
400 400
400 400
400 400
400 400
400 400
400 400
400 400
400 400
400 400
400 400
400 400
400 400
400 400
400 400
400 400
400 400
400 400
400 400
400 400
400 400
400 400
400 400
400 400
400 400
400 400
400 400
400 400
400 400
400 400
400 400
400 400
400 400
400 400
400 400
400 400
400 400
400 400
400 400
400 400
400 400
400 400
400 400
400 400
400 400
400 400
400 400
400 400
400 400
400 400
400 400
400 400
400 400
400 400
400 400
400 400
400 400
400 400
400 400
400 400
400 400
400 400
400 400
400 400
400 400
400 400
400 400
400 400
400 400
400 400
400 400
400 400
400 400
400 400
400 400
400 400
400 400
400 400
400 400
400 400
400 400
400 400
400 400
400 400
400 400
400 400
400 400
400 400
400 400
400 400
400 400
400 400
400 400
400 400
400 400
400 400
400 400
400 400
400 400
400 400
400 400
400 400
400 400
400 400
400 400
400 400
400 400
400 400
400 400
400 400
400 400
400 400
400 400
400 400
400 400
400 400
400 400
400 400
400 400
400 400
400 400
400 400
400 400
400 400
400 400
400 400
400 400
400 400
400 400
400 400
400 400
400 400
400 400
400 400
400 400
400 400
400 400
400 400
400 400
400 400
400 400
400 400
400 400
400 400
400 400
400 400
400 400
400 400
400 400
400 400
400 400
400 400
400 400
400 400
400 400
400 400
400 400
400 400
400 400
400 400
400 400
400 400
400 400
400 400
400 400
400 400
400 400
400 400
400 400
400 400
400 400
400 400
400 400
400 400
400 400
400 400
400 400
400 400
400 400
400 400
400 400
400 400
400 400
400 400
400 400
400 400
400 400
400 400
400 400
400 400
400 400
400 400
400 400
400 400
400 400
400 400
400 400
400 400
400 400
400 400
400 400
400 400
400 400
400 400
400 400
400 400
