1201
1200 1201
1200 1201
1200 1201
1200 1201
1200 1201
1200 1201
1200 1201
1200 1201
1200 1201
1200 1201
1200 1
1200 0
1200 0
1200 0
1200 0
1200 0
1200 0
1200 0
1200 0
1200 0
1200 0
1200 4
1200 10
1200 19
1200 31
1200 44
1200 60
1200 76
1200 94
1200 113
1200 135
1200 158
1200 181
1200 206
1200 230
1200 256
1200 282
1200 308
1200 335
1200 361
1200 389
1200 416
1200 443
1200 471
1200 499
1200 527
1200 555
1200 583
1200 612
1200 640
1200 669
1200 697
1200 726
1200 754
1200 783
1200 812
1200 840
1200 869
1200 898
1200 927
1200 956
1200 984
1200 1013
1200 1045
1200 1077
1200 1108
1200 1137
1200 1164
1200 1188
1200 1210
1200 1230
1200 1244
1200 1253
1200 1256
1200 1254
1200 1247
1200 1238
1200 1228
1200 1219
1200 1211
1200 1204
1200 1197
1200 1192
1200 1190
1200 1191
1200 1192
1200 1193
1200 1195
1200 1197
1200 1199
1200 1200
1200 1201
1200 1202
1200 1203
1200 1203
1200 1202
1200 1202
1200 1202
1200 1201
1200 1201
1200 1201
1200 1201
1200 1201
1200 1201
1200 1201
1200 1201
1200 1201
1200 1201
1200 1201
1200 1201
1200 1201
1200 1201
1200 1201
1200 1201
1200 1201
1200 1201
1200 1201
1200 1201
1200 1201
1200 1201
1200 1201
1200 1201
1200 1201
1200 1201
1200 1201
1200 1201
1200 1201
1200 1201
1200 1201
1200 1201
1200 1201
1200 1201
1200 1201
1200 1201
1200 1201
1200 1201
1200 1201
1200 1201
1200 1201
1200 1201
1200 1201
1200 1201
1200 1201
1200 1201
1200 1201
1200 1201
1200 1201
1200 1201
1200 1201
1200 1201
1200 1201
1200 1201
1200 1201
1200 1201
1200 1201
1200 1201
1200 1201
1200 1201
1200 1201
1200 1201
1200 1201
1200 1201
1200 1201
1200 1201
1200 1201
1200 1201
1200 1201
1200 1201
1200 1201
1200 1201
1200 1201
1200 1201
1200 1201
1200 1201
1200 1201
1200 1201
1200 1201
1200 1201
1200 1201
1200 1201
1200 1201
1200 1201
1200 1201
1200 1201
1200 1201
1200 1201
1200 1201
1200 1201
1200 1201
1200 1201
1200 1201
1200 1201
1200 1201
1200 1201
1200 1201
1200 1201
1200 1201
1200 1201
1200 1201
1200 1201
1200 1201
1200 1201
1200 1201
1200 1201
1200 1201
1200 1201
1200 1201
1200 1201
1200 1201
1200 1201
1200 1201
1200 1201
1200 1201
1200 1201
1200 1201
1200 1201
1200 1201
1200 1201
1200 1201
1200 1201
1200 1201
1200 1201
1200 1201
1200 1201
1200 1201
1200 1201
1200 1201
1200 1201
1200 1201
1200 1201
1200 1201
1200 1201
1200 1201
1200 1201
1200 1201
1200 1201
1200 1201
1200 1201
1200 1201
1200 1201
1200 1201
1200 1201
1200 1201
1200 1201
1200 1201
1200 1201
1200 1201
1200 1201
1200 1201
1200 1201
1200 1201
1200 1201
1200 1201
1200 1201
1200 1201
1200 1201
1200 1201
1200 1201
1200 1201
1200 1201
1200 1201
1200 1201
1200 1201
1200 1201
1200 1201
1200 1201
1200 1201
1200 1201
1200 1201
1200 1201
1200 1201
1200 1201
1200 1201
1200 1201
1200 1201
1200 1201
1200 1201
1200 1201
1200 1201
1200 1201
1200 1201
1200 1201
1200 1201
1200 1201
1200 1201
1200 1201
1200 1201
1200 1201
1200 1201
1200 1201
1200 1201
1200 1201
1200 1201
1200 1201
1200 1201
1200 1201
1200 1201
1200 1201
1200 1201
1200 1201
1200 1201
1200 1201
1200 1201
1200 1201
1200 1201
1200 1201
1200 1201
1200 1201
1200 1201
1200 1201
1200 1201
1200 1201
1200 1201
1200 1201
1200 1201
1200 1201
1200 1201
1200 1201
1200 1201
1200 1201
1200 1201
1200 1201
1200 1201
1200 1201
1200 1201
1200 1201
1200 1201
1200 1201
1200 1201
1200 1201
1200 1201
1200 1201
1200 1201
1200 1201
1200 1201
1200 1201
1200 1201
1200 1201
1200 1201
1200 1201
1200 1201
1200 1201
1200 1201
1200 1201
1200 1201
1200 1201
1200 1201
1200 1201
1200 1201
1200 1201
1200 1201
1200 1201
1200 1201
1200 1201
1200 1201
1200 1201
1200 1201
1200 1201
1200 1201
1200 1201
1200 1201
1200 1201
1200 1201
1200 1201
1200 1201
1200 1201
1200 1201
1200 1201
1200 1201
1200 1201
1200 1201
1200 1201
1200 1201
1200 1201
1200 1201
1200 1201
1200 1201
1200 1201
1200 1201
1200 1201
1200 1201
1200 1201
1200 1201
1200 1201
1200 1201
1200 1201
1200 1201
1200 1201
1200 1201
1200 1201
1200 1201
1200 1201
1200 1201
1200 1201
1200 1201
1200 1201
1200 1201
1200 1201
1200 1201
1200 1201
1200 1201
1200 1201
1200 1201
1200 1201
1200 1201
1200 1201
1200 1201
1200 1201
1200 1201
1200 1201
1200 1201
1200 1201
1200 1201
1200 1201
1200 1201
1200 1201
1200 1201
1200 1201
1200 1201
1200 1201
1200 1201
1200 1201
1200 1201
1200 1201
1200 1201
1200 1201
1200 1201
1200 1201
1200 1201
1200 1201
1200 1201
1200 1201
1200 1201
1200 1201
1200 1201
1200 1201
1200 1201
1200 1201
1200 1201
1200 1201
1200 1201
1200 1201
1200 1201
1200 1201
1200 1201
1200 1201
1200 1201
1200 1201
1200 1201
1200 1201
1200 1201
1200 1201
1200 1201
1200 1201
1200 1201
1200 1201
1200 1201
1200 1201
1200 1201
1200 1201
1200 1201
1200 1201
1200 1201
1200 1201
1200 1201
1200 1201
1200 1201
1200 1201
1200 1201
1200 1201
1200 1201
1200 1
1200 0
1200 0
1200 0
1200 0
1200 0
1200 0
1200 0
1200 0
1200 0
1200 0
1200 4
1200 10
1200 19
1200 31
1200 44
1200 60
1200 77
1200 94
1200 113
1200 135
1200 158
1200 182
1200 207
1200 232
1200 257
1200 283
1200 310
1200 336
1200 363
1200 391
1200 418
1200 446
1200 474
1200 502
1200 530
1200 558
1200 586
1200 614
1200 643
1200 671
1200 700
1200 729
1200 757
1200 786
1200 815
1200 843
1200 872
1200 901
1200 930
1200 959
1200 987
1200 1016
1200 1048
1200 1080
1200 1111
1200 1140
1200 1167
1200 1190
1200 1213
1200 1233
1200 1247
1200 1256
1200 1259
1200 1258
1200 1252
1200 1242
1200 1232
1200 1222
1200 1213
1200 1205
1200 1198
1200 1192
1200 1190
1200 1189
1200 1190
1200 1192
1200 1194
1200 1196
1200 1198
1200 1200
1200 1201
1200 1202
1200 1202
1200 1202
1200 1202
1200 1202
1200 1202
1200 1202
1200 1202
1200 1202
1200 1202
1200 1202
1200 1202
1200 1202
1200 1202
1200 1202
1200 1202
1200 1202
1200 1202
1200 1202
1200 1202
1200 1202
1200 1202
1200 1202
1200 1202
1200 1202
1200 1202
1200 1202
1200 1202
1200 1202
1200 1202
1200 1202
1200 1201
1200 1201
1200 1201
1200 1201
1200 1201
1200 1201
1200 1201
1200 1201
1200 1201
1200 1201
1200 1201
1200 1201
1200 1201
1200 1201
1200 1201
1200 1201
1200 1201
1200 1201
1200 1201
1200 1201
1200 1201
1200 1201
1200 1201
1200 1201
1200 1201
1200 1201
1200 1201
1200 1201
1200 1201
1200 1201
1200 1201
1200 1201
1200 1201
1200 1201
1200 1201
1200 1201
1200 1201
1200 1201
1200 1201
1200 1201
1200 1201
1200 1201
1200 1201
1200 1201
1200 1201
1200 1201
1200 1201
1200 1201
1200 1201
1200 1201
1200 1201
1200 1201
1200 1201
1200 1201
1200 1201
1200 1201
1200 1201
1200 1201
1200 1201
1200 1201
1200 1201
1200 1201
1200 1201
1200 1201
1200 1201
1200 1201
1200 1201
1200 1201
1200 1201
1200 1201
1200 1201
1200 1201
1200 1201
1200 1201
1200 1201
1200 1201
1200 1201
1200 1201
1200 1201
1200 1201
1200 1201
1200 1201
1200 1201
1200 1201
1200 1201
1200 1201
1200 1201
1200 1201
1200 1201
1200 1201
1200 1201
1200 1201
1200 1201
1200 1201
1200 1201
1200 1201
1200 1201
1200 1201
1200 1201
1200 1201
1200 1201
1200 1201
1200 1201
1200 1201
1200 1201
1200 1201
1200 1201
1200 1201
1200 1201
1200 1201
1200 1201
1200 1201
1200 1201
1200 1201
1200 1201
1200 1201
1200 1201
1200 1201
1200 1201
1200 1201
1200 1201
1200 1201
1200 1201
1200 1201
1200 1201
1200 1201
1200 1201
1200 1201
1200 1201
1200 1201
1200 1201
1200 1201
1200 1201
1200 1201
1200 1201
1200 1201
1200 1201
1200 1201
1200 1201
1200 1201
1200 1201
1200 1201
1200 1201
1200 1201
1200 1201
1200 1201
1200 1201
1200 1201
1200 1201
1200 1201
1200 1201
1200 1201
1200 1201
1200 1201
1200 1201
1200 1201
1200 1201
1200 1201
1200 1201
1200 1201
1200 1201
1200 1201
1200 1201
1200 1201
1200 1201
1200 1201
1200 1201
1200 1201
1200 1201
1200 1201
1200 1201
1200 1201
1200 1201
1200 1201
1200 1201
1200 1201
1200 1201
1200 1201
1200 1201
1200 1201
1200 1201
1200 1201
1200 1201
1200 1201
1200 1201
1200 1201
1200 1201
1200 1201
1200 1201
1200 1201
1200 1201
1200 1201
1200 1201
1200 1201
1200 1201
1200 1201
1200 1201
1200 1201
1200 1201
1200 1201
1200 1201
1200 1201
1200 1201
1200 1201
1200 1201
1200 1201
1200 1201
1200 1201
1200 1201
1200 1201
1200 1201
1200 1201
1200 1201
1200 1201
1
